Datafile:
Z:\Nat_IFA-ecool\DATA\ELISA\GFP\cation\GFP_moscow\GFP#75\2022-02-18\Run-001

Type:	%%% ELISA data file %%%
Lab:	ELISA
fileVersion:	1 0
numberOfFiles:	25
Start:	18-02-2022, 09:55:01
End:	18-02-2022, 10:28:30

Parameters:
Event:	1-49999
TDC1_DelayedMCP:	-
TDC1_PromptSED:	-
LaserOn:	0-1
EKSPLA_Wavelength:	404-450
GentecPulseEnergy_mJ_:	0.000543-0.6442
ScanStep:	-1-23
proc_time:	19-28654

Scan variable: ScanPar_Wavelength
Background Detector: TDC1_DelayedMCP
Photon number: 1
Saturation factor: 0

No ParameterLimits enabled.

Window settings:
background	TDC1_DelayedMCP	1050	5000
background	TDC1_PromptSED	1020	5020
win1	TDC1_DelayedMCP	5555	6510
win2	TDC1_PromptSED	5525	5555

Data:
Data type: result
Data Source: -
Additional Info: -

[DATAHEADER]
ScanPar_Wavelength	Result: TDC1_DelayedMCP:win1		Result: TDC1_PromptSED:win2		Counts: TDC1_DelayedMCP:background-Laser		Counts: TDC1_PromptSED:background-Laser		GentecPulseEnergy_mJ_:Laser		GentecPulseEnergy_mJ_:NoLaser	
Scan Par	Value	Ush	Value	Ush	Value	Ush	Value	Ush	Value	Ush	Value	Ush
[\DATAHEADER]

[DATA]
4.0400e+02	2.6953e-04	1.6203e-04	1.2452e-05	2.1640e-05	3.5190e+03	5.9321e+01	9.4500e+02	3.0741e+01	1.9489e-01	1.9949e-02	1.0582e-03	1.9242e-04
4.0600e+02	1.4891e-04	8.7219e-05	1.3868e-06	1.1034e-05	3.2540e+03	5.7044e+01	8.1900e+02	2.8618e+01	3.7169e-01	4.7979e-02	NaN	NaN
4.0800e+02	1.6730e-05	7.3238e-05	-6.3704e-06	9.0298e-06	3.0510e+03	5.5236e+01	7.4900e+02	2.7368e+01	4.2542e-01	5.5638e-02	NaN	NaN
4.1000e+02	6.8635e-05	7.6381e-05	-1.9115e-06	9.6950e-06	2.9660e+03	5.4461e+01	7.6700e+02	2.7695e+01	4.1618e-01	4.2908e-02	NaN	NaN
4.1200e+02	1.4222e-04	7.5762e-05	5.9747e-06	1.0054e-05	3.4970e+03	5.9135e+01	8.7600e+02	2.9597e+01	4.1170e-01	4.2592e-02	NaN	NaN
4.1400e+02	8.8831e-05	7.4385e-05	2.7605e-06	9.8131e-06	3.2810e+03	5.7280e+01	8.3800e+02	2.8948e+01	4.1494e-01	4.4083e-02	NaN	NaN
4.1600e+02	1.5196e-04	7.7341e-05	-7.5068e-06	9.1425e-06	3.4520e+03	5.8754e+01	8.6200e+02	2.9360e+01	3.9560e-01	1.9695e-02	NaN	NaN
4.1800e+02	1.7486e-04	7.9436e-05	6.9703e-07	1.0057e-05	3.3180e+03	5.7602e+01	9.0600e+02	3.0100e+01	3.9177e-01	2.5580e-02	NaN	NaN
4.2000e+02	9.1928e-05	7.1156e-05	-8.3384e-06	8.5032e-06	3.9470e+03	6.2825e+01	9.4400e+02	3.0725e+01	4.0501e-01	2.3369e-02	NaN	NaN
4.2200e+02	3.3478e-05	7.0130e-05	1.4932e-06	9.3302e-06	3.8280e+03	6.1871e+01	9.5200e+02	3.0854e+01	4.0588e-01	1.9970e-02	NaN	NaN
4.2400e+02	8.5821e-05	6.9776e-05	-5.7183e-06	8.5773e-06	4.0250e+03	6.3443e+01	9.8400e+02	3.1369e+01	4.0593e-01	1.5199e-02	NaN	NaN
4.2600e+02	8.9953e-05	7.4187e-05	2.4418e-06	9.8222e-06	3.3180e+03	5.7602e+01	8.6500e+02	2.9411e+01	4.0023e-01	1.3755e-02	NaN	NaN
4.2800e+02	4.7669e-05	7.1198e-05	4.1595e-06	9.6669e-06	3.6920e+03	6.0762e+01	8.7400e+02	2.9563e+01	3.9919e-01	1.5425e-02	NaN	NaN
4.3000e+02	2.1030e-04	7.4926e-05	-4.7593e-06	8.9432e-06	3.5930e+03	5.9942e+01	9.1600e+02	3.0265e+01	3.9777e-01	1.8139e-02	NaN	NaN
4.3200e+02	1.1680e-04	7.1854e-05	-1.3289e-05	8.1295e-06	4.0350e+03	6.3522e+01	1.0440e+03	3.2311e+01	3.8950e-01	1.5489e-02	NaN	NaN
4.3400e+02	1.3106e-04	7.0714e-05	-4.1457e-06	8.6956e-06	3.7640e+03	6.1351e+01	9.7200e+02	3.1177e+01	4.0302e-01	1.5551e-02	NaN	NaN
4.3600e+02	-5.8107e-06	6.9125e-05	2.7168e-06	9.3907e-06	3.6680e+03	6.0564e+01	8.4800e+02	2.9120e+01	3.9919e-01	1.3935e-02	NaN	NaN
4.3800e+02	1.2683e-04	7.4492e-05	7.4665e-06	1.0231e-05	3.1650e+03	5.6258e+01	7.5400e+02	2.7459e+01	3.9699e-01	1.4142e-02	NaN	NaN
4.4000e+02	1.1877e-04	7.0896e-05	-2.1461e-06	8.9010e-06	3.4660e+03	5.8873e+01	8.7700e+02	2.9614e+01	4.0410e-01	1.3559e-02	NaN	NaN
4.4200e+02	1.1744e-04	7.3330e-05	1.9138e-06	9.5916e-06	3.3740e+03	5.8086e+01	8.7000e+02	2.9496e+01	3.9139e-01	1.3283e-02	NaN	NaN
4.4400e+02	1.7210e-04	6.9313e-05	-8.1569e-06	8.0377e-06	3.7120e+03	6.0926e+01	9.0600e+02	3.0100e+01	4.0849e-01	1.5238e-02	NaN	NaN
4.4600e+02	1.3542e-04	7.1474e-05	-5.2528e-06	8.6378e-06	3.4410e+03	5.8660e+01	8.8100e+02	2.9682e+01	3.9819e-01	1.4825e-02	NaN	NaN
4.4800e+02	8.5758e-05	6.8521e-05	-4.4608e-06	8.4682e-06	3.5860e+03	5.9883e+01	8.6000e+02	2.9326e+01	4.0351e-01	1.3669e-02	NaN	NaN
4.5000e+02	1.5442e-04	6.9579e-05	-8.5723e-06	8.0343e-06	3.4960e+03	5.9127e+01	8.7200e+02	2.9530e+01	4.0595e-01	1.3524e-02	NaN	NaN
[\DATA]